-6.738035838028877	0.999996489499575
5.117096103699804	0.914558902463855
-7.890169009044543	0.9999997526725288
3.156239972607029	0.9145589374291094
0.1524611889655212	0.9147807408433197
2.443362868957797	0.9145588369376896
6.924465447989775	0.9145589022078697
8.643571784696814	0.9145589022038109
-2.3458534303564127	0.9672389075630534
5.9514453394335085	0.9145589022771579
-4.102973383527506	0.9985409666217483
0.5512882600428881	0.9145655239244266
9.306222422075315	0.9145589022036819
-8.948271909258597	0.9999999783642396
4.727511329019505	0.9145589033465449
-6.633306735716777	0.9999955322644712
5.3410956263888885	0.9145589024969011
-9.828766499802324	0.9999999971510966
4.487926869742296	0.914558903587371
-0.04509811424962962	0.9152304839862608
2.285703484885243	0.9145589751958398
7.4421894001785205	0.9145589022060376
7.119395920104019	0.9145589022082838
-3.2420380787204017	0.9912781300180348
5.144781512756577	0.9145589024870711
5.989305594466664	0.9145589022512849
-6.503239504987013	0.9999939724999266
9.359733834216652	0.9145589022036782
0.6521172214707693	0.914560749280574
-3.645688338013229	0.9960802571113583
7.245442652951919	0.9145589022059032
1.0635702662524782	0.9145589120199269
-2.695556100658707	0.9786745711866564
-2.2650813593476915	0.9643888002146734
-6.258546478153986	0.9999894128452465
6.343357643839525	0.914558902221372
0.9230268308669132	0.9145589256736208
-2.51257396837941	0.9729049433175522
-0.7851904183582548	0.9221217256653004
-5.740824110561351	0.9999651477895158
-3.9256293213994553	0.9978446750413017
-3.8819112817719237	0.9976297982869595
-8.972095543882151	0.9999999795191243
6.952203327812676	0.9145589022082744
5.45852932888562	0.9145589023508219
6.037421993225308	0.9145589022380737
2.742348869364717	0.9145589707277616
1.940420993787889	0.9145590346242217
7.382021672940699	0.914558902206003
6.747030765237181	0.914558902212917
1.9768660427425822	0.914559034935273
3.196818918261668	0.914558937287908
7.306603671119856	0.9145589022059893
-6.485386694285946	0.9999937196013257
2.6635163160669517	0.9145588828188171
6.2995000998488315	0.9145589022241241
-9.881640817368634	0.9999999974776634
2.6821474719220575	0.9145589414165516
-8.381816209559382	0.9999999202690368
4.744285624161652	0.914558903358448
-4.745888404640213	0.9996582329775631
-6.91808093407543	0.999997680805533
5.868359251051288	0.9145589022763474
2.126727036399174	0.914558973047015
8.281427251450808	0.9145589022039576
9.528208437817675	0.9145589022036783
3.4773737946921823	0.9145589200028573
1.118297162748183	0.9145589114395712
-0.7601626680475917	0.9217136736823967
8.36501794319414	0.9145589022039542
-6.644028366768193	0.9999956411996644
-6.0268750585163255	0.9999819545664224
3.2939292198486	0.9145589206199626
4.5033624757442325	0.9145589033031718
-8.55130860903932	0.9999999460321642
-6.849899025477231	0.9999972865940072
-2.027208394563531	0.9559769197503509
2.871647825880789	0.9145589717073719
-2.492593385789559	0.9722390787937224
6.9223466874747	0.9145589022078836
3.137202066539553	0.9145589374478678
8.683749116585247	0.9145589022037838
-7.936813235740368	0.9999997778591614
-4.852374868293552	0.9997320396747653
-5.909082233171601	0.9999763354987316
2.3711259060722156	0.9145588990784456
4.658116507075523	0.9145589033379504
-5.189030898522513	0.9998761124191761
6.898343976168775	0.9145589022091266
-7.850933786812373	0.999999729288169
-8.10506469309602	0.9999998492081922
1.8159112692678256	0.9145590409013051
-5.759786746341695	0.9999666355410949
-1.7461061733789585	0.9464038179356626
-0.21288758622029746	0.9159734956509101
-0.3844870150973101	0.9171596054467547
2.4400884565415293	0.9145588358710057
-4.769836709425612	0.9996764170813417
-4.351650073242079	0.9991636019713744
9.815655858738456	0.9145589022036692
1.8322593852419935	0.9145590359234488
-6.584903266280846	0.9999950055805745
-9.78980985401552	0.9999999968837354
-6.6601239267260715	0.9999957997710954
-9.0213104344046	0.999999981713371
-1.263437484034501	0.9321794749145386
-6.857622149403775	0.9999973344172816
-6.148106245698246	0.9999863483457452
5.734721027677669	0.9145589022715631
2.136857936322599	0.914558975160725
7.904926927831589	0.9145589022042496
-9.533420594433672	0.99999999437628
-1.1583366696018196	0.9296382928107437
2.7223621275097365	0.9145589811997724
2.414751863205499	0.9145588238691932
-6.410892183530326	0.9999925446398902
-7.706151611739345	0.9999996221770895
3.922005029675608	0.9145589062886368
-9.503553159284568	0.9999999939759143
-8.900146621964078	0.999999975828846
1.7335942347740474	0.9145589075732824
-5.0751826550132595	0.999839134797311
-6.621679131464493	0.9999954110469025
9.40344425192238	0.9145589022036784
-0.0027294411946563457	0.9151085500933677
-9.542599871971449	0.9999999944938963
-7.963981485509963	0.9999997913298525
-6.082256136915851	0.9999841141538252
4.05483166675312	0.9145589066798698
6.603234889078699	0.9145589022135207
8.496937435591075	0.9145589022038098
6.231130832742817	0.9145589022404005
-4.622120399542302	0.9995468426950246
9.841209237636868	0.9145589022036686
-1.4108782008126184	0.9361699431236971
1.7012459236513244	0.9145589132245043
-5.147109020801839	0.999863601553227
-6.004429835417433	0.9999809978918042
4.688529314650008	0.9145589033391657
4.444387810626726	0.9145589044936601
-5.198630604298318	0.9998788123757022
-6.554886205711754	0.9999946482220018
2.245724618993288	0.9145589752461548
-4.9186453312644085	0.9997697378714939
5.818488634490105	0.9145589022761199
-5.440227713417611	0.9999304273645533
4.519527756473627	0.9145589032300511
-4.063966408703479	0.9984093205743931
0.5477987296631106	0.9145657888287757
8.90277402628865	0.9145589022037353
0.4675457815533779	0.914575651746101
-1.6353361918943996	0.9428229742958567
2.819930038097622	0.9145589715309316
0.34375511837558825	0.9146134053889876
-3.5550328948336274	0.9952730293168601
9.536656680946507	0.9145589022036784
-6.888181353751768	0.9999975155229088
7.773651194697404	0.9145589022047247
-7.411062183121535	0.9999992546270604
-1.7786435391439959	0.9474779194816422
-4.023598023192196	0.9982611096829542
3.6317220222032063	0.9145589106808473
5.770546942276615	0.9145589022778432
5.345702008105979	0.9145589024962412
-0.8882996165857406	0.9239414659227143
-0.9151696771105335	0.9244411822652796
9.187462739103509	0.9145589022036975
0.922116053446679	0.9145589259608644
-8.041836275646382	0.9999998255761412
-6.084944072650149	0.9999842121295356
8.55953558110409	0.9145589022038092
-4.930709439733358	0.9997760099911756
1.927814930296332	0.9145590346008977
-4.194414825417971	0.9988096915157856
-6.316353907711214	0.999990731989556
6.408598359652942	0.9145589022219562
-0.180843150786556	0.9157991998327125
-9.591590926874183	0.9999999950812664
-0.18359463272968313	0.915813513928361
-8.436704710807508	0.9999999297350581
-4.293541550155493	0.9990467519338845
2.670300290795593	0.9145589044406025
5.61938999039446	0.9145589023473779
5.4904882456314965	0.9145589023481548
9.098694064481208	0.9145589022036975
-7.919128509461504	0.999999768626788
-3.903783606176696	0.9977397094155044
-2.7961907151944176	0.9815466138224387
-3.8821228419584575	0.9976308850922186
-7.5673509205204725	0.9999994798997004
9.207483587822782	0.9145589022036975
-8.86938859509289	0.9999999740548979
7.1547041390867605	0.9145589022083771
7.325189306000738	0.9145589022059945
5.185300602264302	0.9145589024920253
0.7104430212552124	0.9145596722994187
0.7561438302336363	0.9145592679908513
-7.8243666029775305	0.9999997122109636
6.222020869050059	0.9145589022400398
-6.105800040180873	0.9999849520998418
8.479588922649938	0.9145589022038124
-4.258526113281196	0.9989688004251175
2.9987554704415764	0.9145589363195589
9.3834191647817	0.914558902203679
4.345045268212498	0.9145589044585035
1.637002115726002	0.9145589119340334
-4.115426349752478	0.9985807400615404
6.429205755817588	0.9145589022220393
1.026740363599714	0.9145589127469727
-6.0374189797339595	0.9999823872060698
-7.057337518147908	0.9999983169857688
9.600595371347254	0.9145589022036724
-8.90603567170039	0.9999999761543951
-6.051200306490543	0.9999829370991666
-0.9544202999268911	0.9251644338925376
9.00535043891393	0.914558902203704
1.0722696231362328	0.9145589119410876
3.6572694296979247	0.9145589112997927
-0.9171450268886527	0.9244776022119112
5.202470023538837	0.9145589024893718
-2.351244829424468	0.967427216332645
-9.269425254879646	0.999999989671933
-1.1974746510184318	0.93058533301709
8.708651251034464	0.9145589022037423
7.619592864251636	0.9145589022048323
-6.008712046160687	0.99998118424545
-0.9483996267502803	0.9250515484319642
9.470914720955797	0.9145589022036784
1.2973700452170824	0.9145589315100885
-1.6450363666854315	0.943130119528553
6.542106774152749	0.9145589022224062
-0.10895096854953934	0.9154647791112511
2.081517512698415	0.9145589880303095
2.801109782654745	0.9145589721776168
1.4615874551929906	0.9145589246337316
9.864072259886019	0.9145589022036692
0.22192020557892178	0.9146962013034245
0.5309033314580702	0.9145672431369651
-5.6937800108116	0.9999611644073942
9.35441342480835	0.9145589022036777
5.525480244186788	0.9145589023480175
7.775332413490812	0.9145589022047045
1.0048420207583462	0.9145589135700483
8.003975921035934	0.9145589022042515
9.965930526971121	0.9145589022036641
-5.338756631211585	0.9999121573887325
5.126684403253812	0.9145589024660497
9.835647052369325	0.9145589022036688
9.044740677603489	0.9145589022036943
-9.020231360561425	0.9999999816678785
1.1504324637945231	0.9145589142153321
2.210812333283897	0.9145589752917034
8.42874800170567	0.914558902203795
7.809271657081453	0.9145589022042734
9.226635517272026	0.9145589022036968
8.883292790957746	0.9145589022037348
2.2250106638755476	0.9145589753262687
-9.835876542910063	0.9999999971973574
5.758393892285527	0.9145589022775895
7.1789892790314624	0.914558902207499
-1.4649556079640291	0.9377237153982513
-3.431041769935357	0.9939329697557633
-4.395108127666809	0.9992417128290723
-6.178264004250069	0.9999872638619611
-5.180783989169471	0.9998737451339726
-6.282835962866105	0.9999899885675004
1.1092162616529464	0.9145589118321417
4.954093299511104	0.9145589027744345
4.284865428595733	0.9145589044611685
-1.264360047704006	0.932202510430504
0.02383812227264137	0.9150363633886867
-3.1261951785951902	0.9892363581743001
6.284876906129625	0.9145589022299493
8.269958771821685	0.9145589022039573
-8.95432926085535	0.9999999786639093
-8.979051535676131	0.9999999798445494
-0.7509253223825887	0.9215663406022162
-4.044721624228509	0.9983402403739963
7.602054545684393	0.9145589022048342
9.348440392358306	0.9145589022036772
-7.329715273464332	0.9999991010846796
8.774613183393171	0.9145589022037365
3.380238429569605	0.9145589200270425
4.120292226871216	0.9145589066796564
0.15865474117553013	0.9147718971222163
4.253549704203991	0.9145589044974453
7.790244710074955	0.9145589022045034
-0.22665868597221106	0.9160533044582188
-4.147320881223071	0.9986778967814374
-2.916810885882817	0.9846817428754132
-6.89025574249984	0.9999975273607994
7.486910719033048	0.9145589022054011
-3.0347535077808097	0.9873864018304954
-3.2180862471161564	0.9908830581221449
-0.3434853929270112	0.9168349557519689
-9.064593751944159	0.9999999834480092
-9.964170983059596	0.9999999978392886
9.171286778095471	0.9145589022036971
-2.65752306889377	0.9775298769493701
0.8082079284103383	0.9145590524667401
-2.752977377706931	0.9803396612554802
2.0392557785193866	0.91455903563022
-1.5677021833966442	0.94071898123783
5.9280853029153135	0.9145589022764753
-4.284931597620898	0.9990281345297435
8.007466310931115	0.9145589022042506
3.094552172313861	0.914558937260008
2.937527414989013	0.9145589728373447
-3.391368565647972	0.9934403681621579
-5.377852984132057	0.9999197041181052
7.1742008036129015	0.9145589022077446
-2.73713513266165	0.9798880027186092
5.453264341217423	0.9145589023495898
-0.604376963069889	0.9195121620951411
5.432733090393519	0.9145589023380907
5.722934174922614	0.9145589022693681
-8.358158549692579	0.9999999158053101
3.438342849338035	0.9145589199839528
-1.9044162172584969	0.9516794937754743
-9.550540700612387	0.9999999945936573
-6.083287806279607	0.9999841518299761
-0.5288474280478805	0.9185981474280644
-0.5812349788610138	0.919221469071313
1.5535343054802198	0.914558912145463
-6.002666126937188	0.9999809206030785
-5.152420799694459	0.9998652539417675
2.621113656060313	0.9145588330953502
1.5417899572189206	0.9145589121120791
-8.35423486423073	0.9999999150411981
-6.027602599380231	0.9999819847570349
8.31724697624341	0.9145589022039559
2.4260130861861384	0.9145588284761398
-5.328757457203781	0.9999101161758316
-5.128041537019619	0.9998575019749231
-5.482308337273949	0.999936841818845
-2.135207301865041	0.9597840139712278
-5.280650768904116	0.9998996145447349
-8.34616550761515	0.9999999134478861
5.89600586888476	0.9145589022763421
6.830460770798979	0.9145589022129197
5.563265387963918	0.9145589023481138
-6.251225930740856	0.9999892329224533
-5.624066659160385	0.9999544101956233
-1.575867197519214	0.9409662187626021
7.773407611741398	0.9145589022047274
2.576025445827179	0.9145588349929243
6.05360491729266	0.9145589022404375
-8.39793735634987	0.9999999231743955
-2.2430452474059237	0.963605281803224
-3.483455883733839	0.9945350251216247
0.31852090723216264	0.9146264753648946
-1.3748478103250505	0.9351584673602791
0.049943902066477364	0.9149720672909438
-1.2006720729693399	0.9306631429015672
6.0747858011532045	0.9145589022408981
2.5704735658461875	0.9145588349702433
-5.70864209655495	0.9999624696727891
-6.6036400681320195	0.9999952164477403
5.2270113540528875	0.9145589024907754
2.638033807422474	0.914558831064731
-2.546568465140142	0.9740223557704147
6.077486668270208	0.9145589022408094
-6.128958756379226	0.9999857332236107
7.516709118175356	0.9145589022047699
-7.705347706089487	0.9999996214770778
7.12048535262408	0.9145589022082842
-3.014376110122905	0.9869451710643303
-7.563361323790736	0.9999994750998938
-9.912086135025454	0.9999999976484263
-0.9548921974093183	0.9251733510385796
-5.489722734831783	0.999937909205681
6.237347298160564	0.9145589022407619
-0.34123569534946796	0.9168187616912408
6.609723629384053	0.9145589022127053
-8.97394490857089	0.9999999796061534
0.6921836343995658	0.9145599263436868
9.783776226838079	0.9145589022036686
-5.75910446674778	0.999966583129044
1.8789520733975529	0.9145590347772955
9.144834244242993	0.9145589022036973
5.881995035467348	0.9145589022764431
-7.977636457851656	0.9999997977886906
6.228966730478817	0.9145589022402818
2.2454875156738208	0.9145589752443479
-2.2863326192148437	0.9651424497355177
7.482042693866603	0.914558902205536
4.607867861258086	0.9145589033329948
-3.4817811093002726	0.994516617196478
6.451325611259911	0.9145589022220573
-9.770307669838898	0.9999999967406088
-4.462312090760006	0.9993486242901224
-4.0374662053867105	0.9983134577586005
-8.168088824879147	0.9999998695771827
-5.4746690854182445	0.9999357229077567
9.549542766559096	0.9145589022036789
-2.6102180824767007	0.9760630297582145
1.970214165038037	0.9145590349901878
-2.1771184017022227	0.961253447686251
-5.130201803407335	0.999858206452534
-5.923044916165212	0.9999770837796187
4.708230306303577	0.914558903331223
-4.005566896628565	0.9981907217621241
-9.690219256566088	0.9999999960805533
5.625247323651493	0.9145589023480645
8.134910139941915	0.9145589022039304
-8.482207371298598	0.9999999367244511
-9.909756833926755	0.9999999976357807
-7.706818791272592	0.9999996227570618
9.075182263761285	0.9145589022036981
9.03965485866366	0.9145589022036938
4.820269054239791	0.9145589027199286
0.16125742961198597	0.9147682628556778
-2.8353973387274145	0.9826053984796519
-5.389026743610348	0.9999217395526196
3.392650520191811	0.9145589198946824
-6.758529966293949	0.9999966512963661
-2.870641964773939	0.9835247527519758
8.556609643459929	0.9145589022038092
-9.601552591166826	0.9999999951928058
-3.376389858032045	0.9932458151604808
-3.6567785195937708	0.9961699759253159
-9.522948467449378	0.9999999942390265
6.997638427783105	0.9145589022083073
4.991252117617627	0.914558902774788
-7.013608920503596	0.9999981387083757
4.628062091541874	0.9145589033384527
1.8845981779396972	0.9145590350835315
-7.082505135809596	0.9999984117412954
-6.963890619242772	0.9999979129643017
-3.188994756535797	0.9903844196462127
-5.183409789850422	0.999874503721675
1.9848476681251626	0.9145590346829611
-8.33094779989532	0.9999999103613432
-4.966003410488544	0.9997934004247122
-7.964277625590905	0.9999997914720933
5.9697294905634735	0.9145589022677174
-4.05153456053438	0.9983650183493649
9.014079688032758	0.9145589022036982
2.377689707611088	0.9145588779005235
5.396847565033486	0.9145589023632743
3.418236572842792	0.914558919961291
-4.174080371347886	0.9987544242873456
1.1052600915658708	0.9145589119356332
-0.6392566176943237	0.9199477009209605
-0.19223628016851535	0.9158592670533469
6.3316801359175585	0.9145589022205081
-0.9961973727307161	0.9260045505385338
7.97279772678456	0.9145589022042512
8.870604736280697	0.9145589022037348
-5.352341101266336	0.9999148566061605
9.004513583638957	0.9145589022037046
3.2107456325359394	0.914558937242372
0.9859345544436504	0.9145589147732536
-0.5359065344548632	0.9186788990806471
6.886441639188835	0.9145589022103672
6.3146652208968455	0.9145589022207482
3.267142200746779	0.9145589306761461
8.789108852999231	0.9145589022037361
-0.7230219439750929	0.9211323471331878
-4.695201657232553	0.999616339390279
-7.598871551371027	0.9999995163098622
-9.901433103399771	0.9999999975900332
3.093859791848903	0.9145589372624208
0.13366377239762528	0.9148092955917958
-3.161455327270608	0.9898931276929421
-6.648037623145995	0.9999956812496419
1.9616404118473518	0.9145590349241078
7.366334722498436	0.9145589022060001
3.3314193241932024	0.914558919200871
-6.7111480242709165	0.999996265311547
-0.805097644027768	0.9224564479407786
3.2796587259755228	0.9145589255036547
-9.689187817266681	0.9999999960712336
5.845024237060583	0.9145589022763795
-0.30293100927546135	0.9165500273398051
-4.493147600169944	0.9993925788256182
-4.836325992921542	0.9997220239484959
3.0733211289340634	0.9145589377501963
4.560942037133353	0.9145589033629362
1.632908547920934	0.914558911929629
6.371756040925646	0.9145589022224396
5.384088260469699	0.9145589024023558
9.459304055725262	0.9145589022036784
-5.4449311417212165	0.9999311754601307
-8.301613698969735	0.9999999040976232
-0.39159920534172166	0.917221657312829
1.9836585495820316	0.9145590347355715
-9.661451399021242	0.9999999958121355
-6.094077952803403	0.9999845405725861
1.364131500635306	0.9145589316128944
-7.120692411130847	0.9999985454272424
-4.615156469612769	0.9995396038183585
0.9594542295554689	0.9145589176685321
-3.7874237040823244	0.997094849017663
6.950258402270094	0.9145589022082391
0.8642389577626517	0.9145589603388291
9.696019618973601	0.9145589022036691
-0.924772668817738	0.9246175390601646
-6.113909521347023	0.9999852303735244
5.238212525563917	0.914558902491046
-2.4298356171931967	0.9701320273187596
-8.992779748315773	0.999999980471702
-8.380546226710672	0.9999999200355442
-5.284267726032539	0.9999004449918691
0.6031173452861225	0.914562524840699
8.615762976083033	0.9145589022038085
8.97627036625321	0.9145589022037292
8.272261630811705	0.9145589022039574
2.0667198597148495	0.9145590076201634
-4.041771351375414	0.9983293992549291
-4.01148932950782	0.9982141359202483
-1.141570545979631	0.9292400141217657
-9.91048111130799	0.9999999976397201
-0.36120599328978287	0.9169674241301534
-9.983768931197986	0.9999999978392886
3.526778500211268	0.9145589202046648
-4.455136368401136	0.9993379551531485
-6.290293922799739	0.9999901589779473
9.635436376818234	0.9145589022036682
4.164867054155469	0.9145589060879328
3.0362758228315947	0.9145589368082618
0.9450555338843678	0.9145589201314528
-2.144391816218185	0.9601040344641951
3.404456732233978	0.9145589198981174
9.654344743835566	0.9145589022036686
-8.012242247796554	0.9999998132761388
1.5596366947590958	0.9145589120828072
-7.211948900709868	0.9999988210864723
-5.1021475371599845	0.9998487814185463
-7.22462366467421	0.9999988549944437
-4.519836899562573	0.9994282563468906
-0.43056429147753406	0.9175753472096743
-0.4079880142026049	0.9173674551440563
-1.2849769114480267	0.9327328041604892
5.8253698145609345	0.9145589022762588
1.8101570108540024	0.9145590410398465
6.1338978401098565	0.9145589022402323
9.067734801465171	0.914558902203698
3.4091862443175955	0.9145589199179929
6.2385104293795095	0.9145589022408205
-2.298640240743497	0.9655779366657382
1.0813171319524386	0.9145589119340387
-2.6532170421325896	0.9773983059103162
-6.253687035648383	0.9999892937493994
7.42509414939283	0.9145589022059876
2.5898833400229684	0.9145588360109915
1.2293344658343308	0.9145589304461796
8.845063575388554	0.914558902203735
-9.481291455290126	0.999999993659071
-8.742308544266812	0.9999999652355541
7.782465996476795	0.9145589022046119
-5.713322378314949	0.9999628715718047
-1.6513152695187472	0.9433296947103839
-0.10572858778229666	0.9154514863479587
3.1370790366317145	0.9145589374480902
5.525230858610701	0.9145589023480089
8.779861697822948	0.9145589022037364
-7.1596402070891285	0.9999986701917163
5.934220691814144	0.9145589022771814
-9.839075810510757	0.9999999972179274
-7.109509637559417	0.9999985074880867
-6.211019933984616	0.9999881888504062
-1.8006847203212004	0.9482086702258932
8.297586427044838	0.9145589022039577
-2.6625995945565117	0.9776844794936537
5.026011682744947	0.914558902776424
1.0870109982855958	0.9145589119684698
0.23748727525152447	0.9146815327983947
2.9616597631389006	0.9145589618245789
4.505518386080517	0.9145589032812327
3.102303738859863	0.9145589372749294
-3.6656834008412487	0.9962406664391964
2.642543320748185	0.9145588346722838
-3.8457971308936356	0.9974372570818597
4.13823201118749	0.9145589067751894
-5.886112333892308	0.9999750510161785
-5.336592293329532	0.9999117195239224
-3.440587110523232	0.994046668167928
2.450642318314923	0.9145588382092044
1.182284678205745	0.9145589245710695
-1.775325694817095	0.9473680238208687
-5.752164541251599	0.999966045311328
1.2360101769772136	0.9145589305677344
-7.303586751949509	0.9999990453443373
-9.261812180545412	0.9999999894892874
4.703041192658857	0.9145589033330069
-2.295390860587574	0.9654630336059263
0.14743143466344222	0.9147881265348166
-9.822192572806578	0.9999999971076444
-8.777351401330966	0.9999999679304991
9.00297394387124	0.9145589022037062
-2.8768354104986615	0.9836830962700038
6.684278239396491	0.9145589022130132
-2.6596549588445395	0.9775948698056645
-2.41745239909394	0.9697121040817823
-7.3881828076844736	0.9999992143076355
-8.244718727655545	0.9999998906738106
-0.5612862760637238	0.9189771445857936
0.6697377245514815	0.9145603354166387
-8.9173191074463	0.9999999767659475
-1.38313856947196	0.9353890552026888
-1.3455760369111438	0.9343536988543899
-9.929123074350784	0.9999999977388856
-9.665534565236186	0.9999999958513254
-8.041449418490917	0.9999998254207016
6.035059097709713	0.9145589022377165
-7.114579527457585	0.9999985248094501
8.774217754606987	0.9145589022037366
-7.324381357601446	0.9999990899765363
-5.837677934100087	0.9999721096224338
-9.69979340232836	0.9999999961660115
-4.608948313051391	0.9995330542756162
-3.233730887279589	0.9911426792188116
9.92480407973597	0.914558902203664
7.029670417989671	0.9145589022083088
-7.581267388035049	0.9999994963011495
9.037946299015289	0.9145589022036936
-9.221713843640682	0.9999999884726231
-7.91241328593669	0.9999997650214206
7.820052823998466	0.9145589022042092
-7.872417901529389	0.999999742354191
9.06050378491934	0.9145589022036971
6.943276292789292	0.9145589022080968
-3.7793774474502273	0.9970444480541727
-6.566852511997268	0.9999947936502873
-5.229365100042611	0.9998870682434773
5.304235099758845	0.9145589024896396
-9.062878181650213	0.9999999833824946
-5.098731733893818	0.9998475920316965
-6.049547031858795	0.9999828720478987
0.8823096600659142	0.9145589453726151
2.997503483956363	0.9145589367521304
3.0794626205622944	0.9145589375227778
6.2814950279088	0.9145589022314228
-7.24796088257416	0.9999989148968377
-6.285797504260038	0.9999900565873642
-5.153551324852783	0.9998656030414568
-3.9379869179676197	0.9979019933618708
-6.459396885498938	0.9999933323516125
9.024962701627288	0.9145589022036942
-9.94761852000305	0.9999999978331645
-5.588106093748779	0.9999504795760009
4.675924780756592	0.9145589033396634
4.103502754569558	0.9145589066563674
5.970643216066161	0.9145589022670167
4.815349671327166	0.9145589027215737
-4.053994878248113	0.9983738788320052
-7.32591276447359	0.9999990931797424
3.4283772626860234	0.9145589199863264
2.59212965140636	0.9145588362880988
0.2483761866666967	0.9146724554680632
-0.5395412030955846	0.9187208265766562
0.11916087640456041	0.9148331912560053
-8.754325210436917	0.9999999661842882
4.584837242273977	0.9145589033409733
-3.7711789826589692	0.9969922616768214
4.148894482530476	0.9145589066702149
-3.4519753936810904	0.9941799284727637
1.8216387157527123	0.9145590396084269
1.5117953918264462	0.9145589113620993
-5.432297824461254	0.9999291476747522
-5.082558331560141	0.9998418327087257
5.776224600538988	0.9145589022775253
3.4087895915555944	0.9145589199161303
-9.596851668542623	0.999999995140489
-5.339396812990698	0.9999122864874689
7.424133000822373	0.9145589022059869
6.624624364922489	0.9145589022120225
9.735627178834068	0.9145589022036689
5.22272884602145	0.9145589024904892
0.5993368744676886	0.9145627025764291
-9.782423529327655	0.9999999968302816
8.15163959694219	0.9145589022039494
-0.4953090891146239	0.918227060152419
-5.218472890508172	0.9998842085993516
-5.12839073101496	0.9998576160851467
7.174903681316756	0.9145589022077099
-3.213197427406951	0.990800709331514
5.134801932864681	0.9145589024745714
-2.0756888014266517	0.9576909824426232
-8.785826167621638	0.9999999685502234
-6.031534592071126	0.9999821470508119
2.869429117795267	0.9145589717017931
-0.2061514710064003	0.9159354970770416
1.7828239558635381	0.914559010432834
9.462294346112849	0.9145589022036785
6.213108848800843	0.9145589022399983
-2.058042785573009	0.9570670918079647
3.28156466469129	0.9145589247492157
7.887364360786414	0.9145589022042588
3.99678061974277	0.9145589066584621
-9.933763452379116	0.9999999977629165
5.049332992353936	0.914558902779212
0.4765984275077617	0.9145741236005362
6.40284304300387	0.9145589022219667
-6.6106254052211	0.9999952927637131
3.115666553319194	0.9145589373910227
1.9437919025959296	0.9145590346565575
-1.268801020505542	0.9323142400532651
2.889482320855823	0.9145589714592817
-9.714579327906115	0.9999999962943458
5.888135897202783	0.9145589022764429
-3.3887029854060335	0.9934060925696795
-2.1540058689545294	0.960439523930821
-2.427072505476282	0.9700385755444035
-1.8747417307361616	0.9506567907637866
-4.816573019309591	0.999709185215707
8.72849198168673	0.9145589022037279
0.833561732145597	0.9145589998971213
4.880683365268887	0.914558902779106
0.4079375383995689	0.9145893484163652
7.55066454910984	0.9145589022048106
0.9558495899132158	0.9145589182138373
-8.46843508364179	0.9999999346857287
-4.0395090622378715	0.9983210403108361
-0.019916257216806343	0.9151569335326777
-7.3616429983725595	0.9999991647975033
0.7083393031053973	0.9145596983669517
-6.073879897554484	0.9999838049241196
-3.7913666321397343	0.9971192550973055
-5.064556457303966	0.999835167112476
-6.15900829734108	0.999986686661139
5.922828830012072	0.9145589022760634
-1.3020767029487512	0.933185901928464
-6.8706329459474835	0.9999974130848851
-4.655857152205249	0.9995803491463565
2.0168076887209274	0.9145590353530976
-4.4662213238365345	0.9993543653364549
-1.7986051941116799	0.948139771242838
1.1410153446799676	0.9145589121646914
-4.8946020859396056	0.9997567124177557
-5.672537286684665	0.9999592196593543
-8.01721185330187	0.9999998154006144
3.6466267561295993	0.9145589111862488
5.931701264612844	0.9145589022768834
-4.986336478733184	0.9998028024144099
8.726152102755481	0.9145589022037285
6.0808761135476495	0.9145589022406787
-2.9064070265643283	0.9844257514363359
-7.148992768533224	0.999998637187426
4.188284159177321	0.9145589048875858
-4.1003141944937305	0.998532335454932
1.315816032642907	0.9145589315177505
-8.873149430956285	0.9999999742786028
-9.844751622798658	0.99999999725405
1.98893282473251	0.9145590344775876
7.161795507611085	0.9145589022082379
-5.383337088131079	0.9999207096287858
8.381567888260353	0.9145589022039105
-0.058345965315158566	0.9152725747079294
4.806509254526636	0.9145589027459793
4.5890614242276015	0.9145589033368902
-8.829558209274309	0.9999999715628725
9.237204229701334	0.9145589022036972
9.433696186347209	0.9145589022036784
-0.16615292567926687	0.9157247693090572
1.0281407049484237	0.9145589127085851
2.625974830670952	0.9145588310721352
2.1007507655662536	0.9145589726890291
6.940454114120527	0.9145589022080389
4.459813974683321	0.9145589042956647
-1.4785621706484484	0.938120180840936
3.1314389157762825	0.9145589374546128
8.665538722600648	0.9145589022038081
2.597866822252591	0.914558836923529
8.484784715507871	0.9145589022038116
-7.612890391617575	0.9999995316737031
-1.598084144533761	0.9416552056497148
0.5758620444270335	0.9145639268407426
-4.433632741250109	0.9993049436181666
4.04899655362836	0.914558906680673
-5.400717553466938	0.9999238140930358
-3.5813377468948993	0.9955212936906366
-1.3444061361407567	0.9343218397992961
2.993633381994716	0.9145589383980195
-1.8136074324672826	0.9486359368572662
-6.974786522135705	0.9999979646710051
-2.2696654873318955	0.9645515506768598
-0.4031238942322304	0.917323813465629
9.319794511248908	0.9145589022036777
-5.610201455001795	0.9999529330051382
9.67912666537763	0.9145589022036692
-1.9792609809449822	0.9542864495351806
4.952608771636067	0.9145589027744723
-8.179897613914582	0.9999998730756611
-0.8754645190805199	0.9237034676048567
-1.4851453844748086	0.938312749581979
-2.8847334208501696	0.9838836128434741
-3.34792016571408	0.9928628126078304
0.023075627247086672	0.91503835653353
0.4531030685670636	0.914578361153922
-5.8268231659209	0.9999714042658648
7.762253551959056	0.9145589022048287
-7.157033231951733	0.999998662185384
-9.005383658882554	0.9999999810302982
-0.5613493487249634	0.9189779027229575
0.03210373295681279	0.9150151627712921
-8.683817922381301	0.9999999602235718
3.368710352821708	0.9145589202482514
3.7148313342431383	0.9145589110877443
-1.5787160683730406	0.9410535054052954
-8.403632060312201	0.9999999241752004
3.1184420140867317	0.9145589374137626
3.8415906494401586	0.9145589112589797
-6.884120147222221	0.9999974921825796
5.875483045990295	0.9145589022764019
-1.8650932889912895	0.9503312225417854
5.641339316397627	0.9145589023511461
-2.6793804554226064	0.9781915808153634
8.444056855996983	0.9145589022037994
-5.564808902826264	0.9999477542350821
4.996957340095424	0.9145589027736671
7.346578029926391	0.9145589022060021
6.830490526430843	0.9145589022129201
-0.7147071351257992	0.9210063761214505
8.153909199199635	0.9145589022039522
0.2671399718462819	0.9146586234464007
-6.014500930610693	0.9999814332650426
-7.210783718999227	0.9999988179193663
9.456798980552314	0.9145589022036784
-8.299226630596582	0.9999999035690527
-3.9812981695355187	0.9980916828121027
-8.002963366261003	0.9999998092438174
3.8305316196438497	0.9145589112546176
-3.2837473123001004	0.9919333477282303
4.842131974583479	0.9145589027632283
7.14083042278299	0.9145589022083853
-6.253410165841142	0.9999892869236582
2.320379705135821	0.9145589779169281
-4.957949714280461	0.9997895543077174
5.496316543720274	0.9145589023476325
-9.592903493721877	0.9999999950961099
-6.375942994935779	0.9999919200136947
8.611733180401643	0.9145589022038088
1.9431200750706665	0.9145590346493746
-7.9161706737321635	0.9999997670456088
2.1997362343591043	0.9145589751548319
3.4604637734743235	0.9145589199784467
-3.8842153558365355	0.9976416093314636
3.056398725533441	0.9145589381720972
-9.35558591497899	0.9999999915304881
8.929387160371775	0.9145589022037346
1.42696899630538	0.9145589322787362
4.494476593383183	0.9145589034426413
4.951292493348646	0.9145589027745115
0.07972582564931585	0.9149072199116303
-5.8487530611094	0.9999728113826558
5.244644433289697	0.9145589024909858
-1.5558987694010362	0.9403691097212333
-8.66910929812664	0.9999999588533572
9.290298409192317	0.9145589022036887
0.41756848156673243	0.9145866435709367
-5.331143117432617	0.999910607438689
9.980845325846161	0.9145589022036643
7.437747745326099	0.9145589022060215
5.921126524240034	0.9145589022759838
-5.904538133321768	0.9999760867468666
-5.631539801057066	0.9999551870770577
-2.727807346446922	0.9796194215571106
-0.9545650256838911	0.9251671675182378
2.5623983277583218	0.9145588351636008
5.0871868413465435	0.91455890257148
-7.249856062919782	0.9999989196216577
7.7608117724251535	0.914558902204837
9.882387888864741	0.9145589022036683
-8.999933615913775	0.999999980790743
2.033620991096271	0.9145590370222021
-1.4650401172074368	0.9377261702819333
-1.818053022066639	0.948782418116294
-0.21120149700323054	0.9159639189242132
-9.164272989804875	0.9999999868425632
-7.1290937504356	0.9999985732943397
-0.5781042057344834	0.9191825626203239
-4.301492385056878	0.999063634835312
9.629122945538384	0.9145589022036682
-3.3785350757469734	0.9932739698908056
-2.485315332942162	0.9719951412940246
7.047878684686573	0.9145589022083164
3.171400758930453	0.9145589374800994
-7.063873799580698	0.9999983421250166
-8.45264495034263	0.9999999322672994
-1.8598399662090301	0.9501559145176324
-5.760635701348384	0.9999667006422421
5.0965563494840005	0.914558902517185
5.681399948429222	0.9145589023099866
-2.228686015896617	0.9630941477256474
-1.1726281694126417	0.9299815958474462
5.208841483636881	0.9145589024894805
7.800598499976385	0.9145589022043658
4.668778442693009	0.9145589033388454
7.020495305843038	0.9145589022082969
-4.023346760974018	0.9982601470623472
-5.2663251972986425	0.9998962569981678
-3.4231194022319267	0.9938372005918379
-6.095470551821194	0.999984590045411
1.2004126533820259	0.9145589285829596
1.3621142275847866	0.9145589316066854
2.9930859375175345	0.9145589386684533
4.591372033099397	0.9145589033352571
7.428213935630961	0.914558902205992
-7.023714283947844	0.9999981815159231
-9.877793829668446	0.9999999974552213
7.1458124328095565	0.9145589022084093
-1.297534993725522	0.9330652466426234
-8.208901029556394	0.9999998812750899
-7.225892822566893	0.9999988583355353
3.128336487733714	0.9145589374536166
-4.562284732889044	0.9994807898557022
-9.531334418776577	0.9999999943492004
-9.054530028920613	0.9999999830599724
3.5999162212111013	0.9145589108684807
-5.641354140234096	0.9999561872857212
6.09290111712378	0.9145589022402152
-8.357584925160687	0.9999999156940308
7.279194663492671	0.9145589022060434
0.7070336743970032	0.914559714944568
-7.2150344568327185	0.9999988294324483
-4.347996654874655	0.9991566873672738
-4.221472521784602	0.9988795560494547
2.563131622705633	0.9145588351391026
5.169353407610542	0.9145589024966491
-3.0633458596747465	0.987987363801697
8.333521146169783	0.9145589022039571
-5.391332179353254	0.9999221530670868
0.8662514075568737	0.9145589584132199
8.75729663410107	0.9145589022037338
9.88006343664502	0.9145589022036684
-5.0549472208355395	0.9998314952894779
-9.72379718428952	0.9999999963721693
1.6311736627227127	0.9145589119229169
1.8646894377953274	0.9145590333849551
-1.3854584748963603	0.935453802852947
-8.209187895081186	0.9999998813534853
6.620124783738255	0.914558902212083
-2.5442309941508823	0.9739460906890283
5.263623230029086	0.9145589024908254
-5.071118722430161	0.999837628738588
9.250757687512362	0.914558902203698
7.353081399768783	0.9145589022060014
3.3765568868304143	0.9145589200963229
-7.177234190642996	0.999998722986215
0.7439464657058323	0.9145593502273559
-6.350428478816905	0.9999914312064806
4.245834124846741	0.9145589044611394
7.932317713157701	0.9145589022042511
-4.297826813356238	0.999055887885166
-2.6936745982821364	0.9786186928059454
3.139360273224799	0.9145589374436526
-5.097228072285125	0.9998470655048673
9.948254709793702	0.9145589022036638
-3.413063250959678	0.9937137845456612
0.3592848683825842	0.9146065165967106
5.468273801126124	0.914558902351209
4.930606725247934	0.914558902774736
-1.4879385573669133	0.938394531460744
-0.30033712580017635	0.9165318764329755
-8.768924367459633	0.9999999673021496
-4.915260294900938	0.9997679468302435
2.9470210243025505	0.9145589705838023
2.7621211607366813	0.9145589689442027
7.054876106701087	0.9145589022083145
-0.9750024405267368	0.9255661305432445
-1.0789333626862039	0.9277937990604904
8.556272515266727	0.9145589022038091
-2.2957254635556756	0.9654748680575863
-7.86452186860259	0.9999997376270473
8.312342676357993	0.9145589022039564
6.156383440062484	0.9145589022402189
-2.239982382115797	0.963496273882755
1.4219866530458258	0.9145589321237371
3.4075044375995986	0.914558919910291
9.054526502451552	0.9145589022036961
-9.767261961744591	0.9999999967176701
-9.129205741915278	0.999999985736092
8.349789318419099	0.9145589022039636
8.012489392149003	0.9145589022042493
8.513735992328524	0.9145589022038083
1.9125867856557512	0.9145590348428903
-8.414614655478445	0.9999999260686532
9.750630565047057	0.9145589022036686
8.661189836463137	0.914558902203811
4.189936812919619	0.9145589048126657
-7.424550225886	0.9999992774202102
-9.100309415139183	0.999999984754738
6.167304951802688	0.9145589022402186
-9.037851347024969	0.9999999823967503
-2.2554555753340466	0.9640467491739196
5.27865431844457	0.9145589024912382
4.682566681850751	0.9145589033398812
-3.7132239299898018	0.9965984115105566
-5.478884272894637	0.9999363427253031
-8.2995859601068	0.9999999036488051
-2.1625797778285394	0.9607398663507664
-1.6172725949470212	0.9422550674472042
-1.1713962863101415	0.9299518558870382
-4.1911327187523995	0.9988009347358183
6.984386508684288	0.9145589022083699
8.669263165293174	0.9145589022038046
-0.7734587348713795	0.9219287718483407
-7.081844112382747	0.999998409322118
