-6.275899465086718	0.9999898614758271
-7.600004022867131	0.9999995191838742
-7.028263735026372	0.9999982064873103
2.837034338243111	0.9160454988678772
9.485602101020287	0.9160454337185051
0.6355590046967308	0.9160472426065406
-7.684883935463169	0.9999996045423054
-9.917169119011401	0.9999999976835641
-4.082181866807062	0.9984774881410948
-0.06282295489101841	0.9166791916582261
-8.096116815004727	0.9999998465842705
4.9041217149572525	0.9160454342551558
3.1119738248476416	0.9160454666961895
3.568577834877061	0.9160454470973226
-2.2008243762825463	0.96235969990793
-2.134004707448107	0.9600270458976322
-0.5066892106944785	0.9195340402872895
2.86042242081062	0.9160454988681226
7.345832333333568	0.9160454337207006
2.4443493844074418	0.9160455594508162
1.4211986060219814	0.9160455544474132
2.473482986687605	0.9160455598568957
-3.3157567285641276	0.9924393492195575
8.541990062989889	0.9160454337186285
9.922775126283842	0.916045433718491
-2.7157667502678606	0.9793778252116087
-5.113538281366021	0.9998531762410313
-8.296607964191596	0.9999999033104884
-4.670371049063617	0.9995953727787833
8.25785866404388	0.9160454337187685
8.244137171028111	0.9160454337187686
-4.180399849145466	0.9987761111876837
7.488866159705392	0.9160454337200812
7.064549329636726	0.916045433722884
8.07701354458112	0.9160454337189797
-9.06664608491122	0.9999999835811721
3.094107574307028	0.9160454666065458
-7.8252248074227415	0.9999997137402405
-5.208168609312747	0.9998818349431416
-9.132759852827874	0.9999999858996894
-0.41898522339468336	0.91869994717124
-9.452791188657695	0.9999999932516526
3.8673934063659043	0.9160454406755196
8.706402724150124	0.9160454337185681
-8.373023650777514	0.9999999189106491
3.5896823873879526	0.9160454431515961
-1.6599914107461355	0.9441100853110673
-9.509070148212611	0.99999999407186
-0.6293937174884192	0.9209366070051475
8.863654090564403	0.9160454337185584
2.026416251087909	0.9160455296279578
-2.8241080873530278	0.9823920152861783
-4.966950415554372	0.9997945418720579
7.623214005549478	0.9160454337195958
-3.6384258416169812	0.9960352620050812
-3.253001926798822	0.9914896481442846
7.637127119388921	0.9160454337195996
-6.5074356577212145	0.999994050427333
5.236380799960605	0.9160454339900636
5.496715552301751	0.9160454338545195
1.702749724813648	0.9160455787359545
-4.334609248911581	0.9991338474574261
-3.96161529865803	0.9980146274598571
7.49606215194822	0.9160454337198967
8.77234141971071	0.9160454337185598
0.013360067055163682	0.9164788225717069
-6.390890099668627	0.9999922194417685
-9.926925872459629	0.9999999977350214
5.608576169656763	0.9160454338542751
-5.713865327770167	0.9999630421324034
3.4180681829091952	0.9160454503629398
-4.280192465527413	0.999021113155828
6.947509862339842	0.9160454337227635
-1.170022018494361	0.9306984681150751
0.428011574648842	0.9160643078283304
6.196890806485108	0.9160454337530407
8.848359341037082	0.9160454337185584
-9.29596533347475	0.9999999903167021
-7.629309901805552	0.9999995505582371
-6.940440029386972	0.9999978045494434
-0.5452834466587486	0.9199487631841546
-7.002520942662609	0.999998096968024
1.3809530864342392	0.9160455550762909
-4.418497524863496	0.9992831995856946
-9.18561323206144	0.999999987515379
3.5853714271178205	0.9160454438671959
-2.6511393034628306	0.9774569657033053
1.7251583529766545	0.9160455811336137
-4.077052708397666	0.9984601028957802
2.1828809804481466	0.9160454866181443
-9.738479049461786	0.999999996504499
-4.377214843502757	0.9992131578042458
-2.9982803414290027	0.9866501386772091
-4.685672235964851	0.9996092396616915
-7.09866816386334	0.9999984748834354
6.793211283250926	0.9160454337272413
0.03852254936614585	0.9164210420006644
8.164765071755106	0.9160454337187723
7.273304478456886	0.9160454337207474
8.799890498580396	0.9160454337185581
-2.195109763626313	0.9621573740433382
3.1885234624387273	0.9160454667484466
-1.311733997012512	0.9341392738668751
-0.10784870415145775	0.9168356259229631
-7.4135016298935685	0.9999992612823562
-4.900403853757891	0.999760729799188
-0.8012678757559311	0.9233988667920076
3.7274764891511083	0.916045442121053
-1.938948240380359	0.9532447938670823
-3.6085693234834837	0.9957818353335569
1.751110838468847	0.9160455719705487
7.651725569133486	0.9160454337196003
-5.690502296461002	0.9999610015749218
-7.529960249372429	0.9999994350347129
-8.308883351404033	0.9999999060051581
-0.4655017578408316	0.9191236620343316
2.9336290338470015	0.9160455002029695
-8.049919891405724	0.9999998293655942
4.870918936320724	0.9160454342678108
-3.6782997875464885	0.9963522898771154
-6.448273868860692	0.9999931823013659
-5.790747210267884	0.9999690334640283
2.278534329347547	0.916045486498763
-5.185965674412807	0.9998756566968553
-7.171131084857181	0.999998709248294
2.30883479035818	0.9160454873923628
-6.042502307451603	0.9999826503497962
-0.05906975995364405	0.91666779316973
4.482271915814264	0.9160454351610938
-0.834368245087802	0.9239505426575759
6.059389869611984	0.9160454337536311
4.099172299980749	0.9160454379340119
-6.652794674382094	0.9999957425887649
-3.4983323840824188	0.994716539601178
7.4748332442734196	0.9160454337204379
-0.025318056119335353	0.9165754191888821
-7.075774109399311	0.9999983923325988
-0.3071033780030241	0.9178677456778508
2.0404165380607466	0.9160455283558926
8.55883726130569	0.9160454337186282
-7.268343249848028	0.9999989681103851
1.288777221151065	0.9160455549290558
-5.15891658231967	0.9998676934212286
6.501519257159071	0.9160454337358469
3.6836642087470537	0.9160454421226188
3.5347800386970807	0.9160454507264955
7.998964954346537	0.916045433719047
7.852193682343213	0.9160454337190348
-9.869073006322587	0.9999999974122913
-3.4667429496311586	0.9943707628964277
9.704341704357216	0.9160454337184959
-8.00671929963778	0.9999998115192621
4.221736940361055	0.9160454356560763
-1.8466880323807402	0.9501323025639814
-7.583921913708966	0.9999995010457049
1.7184775164775488	0.9160455802380305
-7.650137228599632	0.9999995716030481
-9.297431619368881	0.99999999034934
5.319607012808799	0.9160454339886396
7.567303787141487	0.916045433719622
9.941005900196338	0.9160454337184908
-4.168327298533874	0.9987427122889289
2.573312109351562	0.9160455605925713
1.4601693520311798	0.9160455626933215
5.120615995919003	0.9160454339638335
-5.39975984771611	0.9999239022790837
9.198303806357742	0.9160454337185227
1.4652797497988868	0.9160455652208158
7.9552640887732515	0.9160454337190466
-7.639569808911628	0.9999995610514283
-4.236446451718128	0.9989202256092242
-2.98633686419731	0.9863829474119721
7.182266549995568	0.9160454337219476
-4.393120824300909	0.9992409052650713
1.8529671350470345	0.9160455289785797
0.97976147054184	0.9160454921986076
4.889656280640837	0.9160454342574895
-6.034376627482896	0.9999823228276359
-1.2259380433728317	0.9320193316122664
5.656239195847723	0.9160454338531108
5.022344316248088	0.9160454342571571
-7.593813753998586	0.9999995122815375
9.641061594767223	0.916045433718495
-1.0308339391643795	0.9276028702969519
-0.20291148588265173	0.9172543516834024
-3.900937663346533	0.997733776184413
-0.6201111518876168	0.920826538165659
8.056441840513525	0.9160454337190558
-9.659477102968669	0.9999999958071314
-1.6942654510256148	0.9451947935120214
-0.432600316393831	0.9188196287966206
0.7967136071220473	0.916045837345089
6.331457021023283	0.916045433734398
2.246804509154643	0.916045486772697
-8.121326798047207	0.999999855236228
2.782627396110575	0.9160454987865464
4.720486330271241	0.9160454347881872
-2.1831460776635447	0.9617341038468079
-0.35650807176828536	0.918196509642668
-7.638818489038708	0.9999995602914106
-2.3301477616472033	0.9669013644734645
1.8768521296024065	0.9160455281476243
8.304669568631606	0.9160454337187685
-4.532897742006088	0.9994468412748043
-8.327061216932691	0.9999999098582044
-8.747039517645657	0.9999999657272762
8.696696493793624	0.9160454337185829
9.93158979429355	0.916045433718491
-8.687811903823244	0.99999996071958
-4.428673014052862	0.9992995013122571
3.6494000582658295	0.9160454422379214
-2.2160074775218375	0.962895983665746
-9.251693116351444	0.9999999892775143
9.39114797510415	0.9160454337185054
3.4352232638798554	0.916045450387304
-1.8484288181685482	0.9501887401059083
3.7122914045504594	0.9160454420942673
4.484332993592911	0.9160454351106369
-4.551613093453137	0.9994698552960616
-6.482811781079003	0.9999937034052637
-4.05406111363436	0.9983798034213928
-1.7762207688737774	0.9478422712888077
2.8432180414729835	0.9160454988452337
-4.493252620944368	0.9993947899578666
-0.2098566047100281	0.9172901454047163
-6.791965526494965	0.9999969097895232
2.751818532137907	0.9160455000816062
4.9912731185591	0.9160454342582014
-9.126847041812226	0.9999999857064036
-6.500379390565754	0.9999939529868114
5.190294374255156	0.9160454339897371
5.782030255524578	0.9160454337878611
-1.333330841507724	0.9347053619575805
7.239577570385542	0.9160454337205512
-5.8951725227463525	0.9999756476037577
8.564600785048636	0.9160454337186281
8.754124381358839	0.9160454337185566
-8.715100960694983	0.9999999631118346
3.4605617762320495	0.9160454503798205
-6.131558476328167	0.9999858658143521
8.346222163993279	0.9160454337187732
2.385289050087543	0.9160455497037334
-1.1346857817842437	0.9298790861593034
0.5887454284659555	0.9160486089916561
5.670106245734701	0.9160454338367854
-9.740638320916318	0.9999999965218352
9.982526923181553	0.9160454337184916
2.187092230821994	0.916045486546005
5.402686856512723	0.916045433856751
-9.978053111533743	0.9999999978465188
4.712873603217119	0.9160454347839095
5.611915887303468	0.9160454338541666
-5.332449456124428	0.9999111742883
8.236839458750907	0.9160454337187685
4.520375205898951	0.9160454346892932
2.2059668277760736	0.9160454865713688
8.545454804033156	0.9160454337186286
2.996762381752154	0.9160454663810378
-4.640668326136956	0.9995670498485955
5.918131353224574	0.9160454337867542
5.31342234912028	0.9160454339881442
-5.784055902541363	0.9999685530541402
3.3849348157349812	0.9160454503585327
-3.728621707673647	0.9967194554953859
-3.512754884528899	0.9948681695472792
4.426708962163076	0.9160454358654303
-5.367562237540513	0.9999180585927248
6.376400223616244	0.9160454337361815
2.1406585782452368	0.9160454869769729
8.06184114763272	0.9160454337190462
8.67362874616338	0.9160454337186191
1.1085572633771577	0.9160454827833967
9.742368645601086	0.9160454337184958
-6.485538442601837	0.9999937428075469
6.2352295789613805	0.9160454337534372
3.078359891410054	0.9160454668882415
-5.480100327486022	0.9999367332257312
-5.992091022816548	0.9999805160030912
1.9390864461770398	0.9160455280777584
-6.175677038163303	0.9999872306840241
-1.7172538498473688	0.9459315120701319
3.4845293858454163	0.9160454503911698
9.012854866802279	0.916045433718524
0.04127054821532283	0.9164151279575093
3.896903875872626	0.9160454380420718
-5.442473198792213	0.9999310175836809
-0.049835507237796506	0.9166409238316705
-0.5752632853473152	0.9202909701252888
-8.225902047620037	0.9999998862149775
-2.840170133688842	0.9828164678930684
-7.442035666452846	0.9999993082567608
7.85546889207054	0.916045433719042
0.6143647744171155	0.9160477863066652
-8.227634576298342	0.9999998866679959
3.9543813972720265	0.9160454380324885
-1.8156675590955338	0.9491293303535613
5.036997705795564	0.9160454342683596
-1.900526789943946	0.9519306677464435
7.010741601530718	0.9160454337228622
2.3434062136724076	0.9160454875195944
1.6029066850270581	0.9160455793799364
-9.971559214951537	0.9999999978465188
-8.610630483254713	0.9999999530800564
-0.7219211037843465	0.9221724171045041
-9.37984604734503	0.9999999920174376
4.194576587008871	0.9160454360041813
5.578782047590742	0.9160454338551935
-0.6455481175507103	0.9211300012894604
-3.28070785740314	0.9919201691314121
-0.1992550198598977	0.9172358003437958
-6.255458412805912	0.9999893730081
-5.474698543021521	0.9999359427223117
4.39394158720698	0.916045435846661
6.464976937779923	0.9160454337358642
-0.9735283453459296	0.926437955310324
7.2820364093982874	0.9160454337207342
-3.1807205738502553	0.990280167295251
-3.5719119731671523	0.9954509050031751
8.394226003636234	0.9160454337186822
4.0069876048897655	0.9160454379318428
1.0045658866267857	0.916045487215766
-2.1247041082765916	0.9597062092098871
6.547494080441325	0.9160454337362296
-6.782039924838434	0.9999968383565271
9.196830295245068	0.9160454337185228
0.7575778744589314	0.9160459453889388
1.4416465583176787	0.9160455556100713
-3.6432658614340063	0.9960750279733503
6.007713818118923	0.9160454337522493
-2.29159209044564	0.9655546666705075
-1.5683573951419572	0.9412911169488599
-8.759055348124004	0.9999999666625317
7.142783553479685	0.9160454337229635
3.0534803316111017	0.9160454674373663
-5.810631029448308	0.9999704182152124
-9.611978965079686	0.999999995322546
2.0828321395987572	0.916045494390924
-9.981712302281638	0.9999999978465188
8.141042208971257	0.916045433718748
-4.18094660524754	0.9987776032817034
9.584933081363772	0.9160454337185026
0.7865552673481382	0.9160458592307363
3.2110023777646024	0.9160454665922609
-5.822902694456187	0.999971241784285
2.7798152786907373	0.9160454989249904
-9.279291043305387	0.9999999899376946
4.568538655221875	0.9160454348113731
-1.8664496034813904	0.9507784583577737
-0.9141657300222548	0.9253595628388405
3.5831066289199995	0.9160454442737137
3.7733721314314295	0.9160454421282507
1.5031813391230386	0.9160455789934353
-0.7921532775361673	0.9232509720481228
3.6928593464305237	0.9160454420801087
-3.149798314700325	0.9897237233098943
4.922828632288052	0.9160454342574161
-6.539173092474928	0.9999944696447871
1.6731939618560965	0.9160455794929145
1.171340925213368	0.9160455186170658
-4.23097628050876	0.9989069196087921
7.525137746945582	0.9160454337194951
6.043573605722706	0.9160454337519542
8.576307988321553	0.9160454337186283
6.15204358431491	0.9160454337530453
-0.13400122668351244	0.9169382530038639
4.8974239621798645	0.9160454342554843
-6.587521628139985	0.9999950522120511
-2.5484824687865126	0.9742322321769588
-3.804305088052886	0.9972081162426918
2.2127341856845906	0.9160454866512486
6.975373831302896	0.9160454337229743
-4.784678471630834	0.9996882572818576
8.064204977384591	0.9160454337190399
-0.9961708003156566	0.9268913458929819
2.888505717249119	0.9160454987834385
-4.006278428735719	0.9981998986555276
-7.691026477125198	0.9999996100961467
-7.728079200404516	0.9999996419817644
4.737314513302895	0.9160454348124554
8.956199237555523	0.9160454337185598
-3.8491166427239865	0.9974646644978137
-4.819543774300827	0.9997121274023202
2.64145426386078	0.9160455612256351
7.36225823802172	0.916045433720699
-1.1611270842698307	0.9304902064858901
-2.0164871492290493	0.9559315895320069
6.678772131073817	0.9160454337273778
1.0798537927208152	0.9160454828971265
-8.527107241081389	0.9999999431303426
-6.858369187285422	0.9999973479033774
-7.718719556608797	0.9999996341822739
6.457844842795385	0.9160454337358666
-1.041068255725385	0.927817395119548
8.466343532791456	0.9160454337186307
4.562840036150906	0.9160454348140641
-6.240839875305748	0.9999890093142519
-4.233648958922922	0.9989134405916895
7.572857410233187	0.9160454337196242
6.752904105766543	0.9160454337272328
-4.388736682559933	0.9992333545111662
2.429987417477445	0.9160455628635327
-7.666521814653042	0.9999995874639216
-8.203420521024825	0.9999998801697109
9.49149175830684	0.916045433718505
-0.704281966093717	0.9219178410332963
-7.505063352113739	0.999999401701004
-8.882217709853526	0.9999999748944004
7.63085322344914	0.916045433719598
2.00804882767374	0.9160455277244184
-5.60455192542082	0.999952477262835
-8.477945360089695	0.9999999363142664
-9.786148180008176	0.9999999968678658
-3.1793030536730837	0.9902551771744472
2.084723315663041	0.9160454929089303
1.4254758188787022	0.9160455542522625
-4.861066116450998	0.9997381986389517
-2.9044474377183604	0.984451630296667
-3.735700200650167	0.9967682958081333
0.8322597675647447	0.9160457955892491
-7.76076145701484	0.999999667934925
3.8782430801714884	0.9160454396032912
1.2316250252222325	0.9160455522189083
7.373939561717364	0.9160454337206996
1.3150408163724556	0.9160455549888735
-8.363573491247514	0.9999999171268171
-7.412658319013712	0.9999992598465556
-7.977938647219696	0.9999997986055456
6.684041861052037	0.9160454337273292
7.548854359660126	0.9160454337195654
-4.387359977731284	0.9992309682715249
0.6958743192930594	0.916046333716307
0.6158902275139191	0.9160477426847133
-6.401320459096893	0.9999924040432633
-0.6613512094944163	0.9213266154457747
8.559507600665803	0.9160454337186282
-7.653452618132004	0.9999995748609323
1.2477241290731111	0.9160455527748544
-8.279316609715327	0.999999899383152
8.362448671714525	0.916045433718769
4.279945298940039	0.9160454358628997
9.620535161797747	0.9160454337184956
0.8053689041100007	0.9160458232098954
5.454400141720956	0.9160454338567127
3.87904657656469	0.9160454395240225
9.150566537593129	0.9160454337185222
6.00258940609789	0.9160454337545418
-8.755647238976065	0.9999999663998836
-2.9207871481985848	0.9848507936050278
8.273788265457235	0.9160454337187683
-7.259034312147135	0.9999989457539862
1.180106375201353	0.9160455298365158
3.492023999289785	0.9160454503512718
1.6160934314419606	0.91604557931591
-7.677338521579342	0.9999995976116803
-8.90877783822408	0.9999999763837756
7.558451153412122	0.9160454337196055
-4.7658619459585605	0.9996745694831347
-2.3295927293603036	0.9668820564738632
6.177674789708718	0.9160454337530723
3.5926162818462526	0.9160454427194072
9.14896414695395	0.9160454337185223
-7.172167856463738	0.9999987123258731
-5.169076236397454	0.9998707423622509
6.408251244967783	0.9160454337357778
-3.384018490691849	0.9933718343448914
7.520587110231169	0.9160454337195106
-6.696040638362275	0.9999961460645874
-9.227159721701565	0.9999999886543629
9.104842608679764	0.9160454337185224
5.559754933707923	0.9160454338549894
9.747215152955683	0.9160454337184957
7.4835598448525005	0.9160454337202208
-2.3432822462823077	0.9673573817942813
-7.044178544230437	0.9999982710182799
6.58556546534674	0.9160454337310557
7.840096482604043	0.9160454337190055
-0.08078921794815841	0.9167379592583305
0.5514266799027858	0.9160501799249707
-6.067919957996493	0.9999836362075656
9.001246202719862	0.9160454337185321
1.6905296393931515	0.9160455789825476
6.506937477529547	0.9160454337358053
-3.4910592725421674	0.9946386054515349
-9.601745876434755	0.9999999952110238
-5.11292386979854	0.9998529691682813
4.429525762966996	0.9160454358751483
-5.669924092405396	0.9999591112440316
5.481645364440194	0.9160454338562907
1.830209526319635	0.9160455272393695
-2.9361513994489608	0.9852198991929566
-7.694124214469427	0.9999996128673413
6.812674158139515	0.9160454337271828
-7.704964786260025	0.9999996224109868
8.048754730366774	0.9160454337190583
-0.547685509877244	0.9199754750038173
-1.1892611079266224	0.93115341205647
-1.8872105618812185	0.9514762824790814
-1.3765802156647453	0.9358651738345879
7.954721154503371	0.9160454337190468
6.6029403613693525	0.9160454337278485
3.2942011379092193	0.9160454509141752
0.8424300700738385	0.9160457718988112
8.788400683569048	0.9160454337185592
-3.0057847897796153	0.9868161277892932
-8.043225046394817	0.999999826714834
4.748481332979409	0.9160454347988342
-1.3282812282867127	0.9345722236934407
-3.2839549787716438	0.9919694541021686
-5.464078889643251	0.9999343597588937
-1.3520324706174378	0.9352028608317319
-5.758395009558184	0.9999666406523603
5.521991767524748	0.9160454338547813
-3.364136568336238	0.9931106609020633
-8.81401084509736	0.9999999706250314
1.5388140864538755	0.9160455789865742
-6.5500222762352855	0.9999946060685704
-4.491123873870846	0.9993918625236373
6.912832019027427	0.916045433722698
8.053502947092976	0.9160454337190582
6.6553185021098535	0.9160454337272744
-2.136901019182531	0.9601268375990633
-6.552838195019262	0.9999946409243408
-1.680099777712499	0.9447445194917747
-6.085117916769001	0.9999842712785584
-1.5857681751687558	0.9418144329414277
-4.691325954017449	0.9996142434896037
2.670380407088384	0.9160455290385544
-0.26614861399632517	0.9176066620451712
-4.779449345931912	0.9996845117770812
6.225792776815187	0.916045433752964
3.977207502055613	0.9160454379859202
-3.4971894087598	0.9947043578177748
-5.641182428709661	0.9999563168273689
-1.5563586429943754	0.940941401718114
-0.6483828647041214	0.9211645562635702
-4.384745778535417	0.9992264170271733
-3.586365378696601	0.9955840515138796
-7.313147326521863	0.9999990692551768
0.44557453299260885	0.9160611465031845
8.274218038746323	0.9160454337187683
7.178035075606214	0.9160454337221631
9.66868633100724	0.9160454337184962
-6.996265750665973	0.9999980693614678
-3.9617872198936377	0.9980153741916847
-4.037968541530352	0.998321226831323
4.777881822957376	0.9160454345130784
4.058423720015757	0.9160454379495343
4.307010967604356	0.9160454358392804
4.717028712892365	0.9160454347854118
6.267097688199371	0.916045433750198
9.368031674112089	0.9160454337185051
-8.239382464300732	0.999999889692586
-4.0466822893553145	0.9983531919536971
1.784369655104232	0.9160455365294586
-3.006550612807146	0.98683298440088
-8.592006399831655	0.999999951024199
6.708942821377754	0.9160454337271849
-9.31287370695912	0.999999990686458
-9.303640948658419	0.9999999904863385
-6.569749075262301	0.9999948455631626
-1.0059731580007139	0.9270908962763446
1.3843880791723997	0.916045555130581
-5.108347924770156	0.9998514177721036
-7.191832181966817	0.9999987693278318
3.9506790706848527	0.9160454380130458
-9.393127423558374	0.9999999922578572
7.976179728806265	0.9160454337190465
-9.268763110948637	0.9999999896907881
-8.89788603117288	0.9999999757840082
-5.55069960337657	0.9999462122701508
-4.646703545029149	0.9995729591493666
4.351425046293613	0.9160454358487327
4.48095838860155	0.9160454351937927
-0.18409066150740472	0.9171610841168402
-9.186669416565024	0.9999999875457041
-0.6712286867074102	0.9214558477471038
-9.234592156821297	0.999999988846879
-5.5006247500252	0.9999396490379313
2.38678785660737	0.9160455517308131
-2.5520317896022515	0.9743468301283257
6.8612259848171355	0.9160454337270625
1.7366747474469548	0.9160455805023761
-4.3240899656195575	0.999113092513314
-0.6033532935632344	0.9206261771325578
-2.4847038573575153	0.9721395899978139
0.9684391539231996	0.9160454964862387
-1.5103066946310797	0.9396318141565113
0.7278615634904604	0.9160460858918685
-1.507278954086356	0.9395451619368584
0.4767200616775611	0.916056643137253
6.272778740047844	0.9160454337481946
9.610563690478081	0.9160454337184971
-7.188297289954999	0.9999987592704083
-6.587400249276989	0.9999950508292096
-0.6272526142336066	0.9209112194707454
0.19080223317868317	0.916186036850221
5.9754931097493635	0.9160454337746559
4.078447720719552	0.9160454379565444
0.9017226222208343	0.9160455492131964
-8.35382089222994	0.9999999152447474
-6.742676377743164	0.9999965384304461
-7.590242998254579	0.9999995082550948
-3.897181374284142	0.9977152103617402
-7.791918935015065	0.9999996909234911
9.61751787677619	0.916045433718496
4.288480046305093	0.9160454358458602
-0.7200818225155636	0.9221456047251146
6.571790271433812	0.9160454337338063
-7.374099069142992	0.9999991911271976
-6.004242953763934	0.9999810533651865
3.436737950280623	0.9160454503863028
6.810635799176477	0.9160454337271894
9.519445557449014	0.9160454337185051
0.9851298215726132	0.9160454906817799
-6.161886313105858	0.9999868188381074
-2.4059873959590217	0.9695090535236844
2.8344595567023756	0.9160454988759282
-5.42737595460272	0.9999285818966896
0.21359249369845124	0.9161642546433273
-1.2360436476140144	0.9322548646021656
-8.956991447607908	0.9999999788652582
6.27661103363144	0.9160454337467077
8.974411994773742	0.9160454337185538
-3.7732036135919733	0.9970160811927944
-2.4529425117555226	0.9710837053403
-1.0441129307242303	0.9278816552989212
-0.3065238763827196	0.917863964009194
-8.778137050983217	0.9999999680955799
2.8569892827976595	0.9160454988470961
0.1613960554378444	0.9162184622009867
-2.949680726087305	0.9855398638341419
2.664573937597975	0.9160455374462884
6.747483953942158	0.9160454337272355
-5.4355801493558875	0.9999299159583206
8.395548305445082	0.9160454337186777
-5.51999604810304	0.9999422778567074
-9.396658797107907	0.9999999923205549
-7.064047473214847	0.999998348333644
6.829406219738136	0.9160454337272265
-5.968922112326154	0.9999794489101383
-0.12009915521631775	0.9168825617046065
-6.481600846394611	0.9999936858269057
-0.4091637286745975	0.9186157673446702
-2.5366047452176854	0.9738473180324501
7.959449406659026	0.9160454337190465
8.317797416951699	0.916045433718767
9.238916241239291	0.9160454337185227
8.15350404761109	0.9160454337187631
7.822838636184581	0.9160454337189985
7.828225164346275	0.9160454337189927
-5.972955346664004	0.99997963878131
9.702455160704595	0.9160454337184957
9.31074437306997	0.9160454337185068
-5.104713205943603	0.9998501738662715
-3.30892188080671	0.992340304325366
1.7478114119373487	0.9160455746989175
-6.626188670450732	0.9999954736436731
-6.447062572139788	0.9999931632628399
-3.3818180538813003	0.9933433398229985
1.8338422455663874	0.9160455277850599
7.573536023742445	0.9160454337196241
-0.768790639506749	0.9228806322675391
0.2617025716932808	0.916128507610646
-0.8375714215646202	0.9240049907737966
2.8342119609367664	0.9160454988765888
-2.7641176007957657	0.9807527250940588
-2.0508686388981046	0.9571323587014762
8.113041403819171	0.916045433718768
-6.492034295596598	0.9999938356869722
3.417683197182644	0.91604545036138
5.9127724758288025	0.9160454337867436
2.834389916202401	0.9160454988761164
-9.491969176706302	0.9999999938337737
-2.239640220034116	0.9637287529950089
-3.889157115427766	0.9976750686034204
-5.630736044388578	0.9999552545837299
-3.394691778485104	0.9935086063146861
-8.404677379446603	0.9999999246106106
2.5445287139936035	0.9160455602448365
-4.413514892640191	0.9992750818425504
9.739128571358489	0.9160454337184957
2.1870912673386833	0.9160454865460173
-9.622691437977448	0.9999999954365113
-1.841581551193583	0.9499670660122983
-6.439444559218654	0.9999930423029144
-0.12392278709406312	0.9168976108605947
-8.927202199115737	0.9999999773647057
1.8366271021131872	0.9160455281505984
-8.744720260051157	0.9999999655437593
9.660346694244279	0.9160454337184958
3.7024848440081293	0.9160454420758911
7.406819487043567	0.9160454337206946
5.8397274420942615	0.9160454337872168
1.5498649487057605	0.9160455788991179
-9.362457585024973	0.9999999916913425
1.2599980403814914	0.916045553579352
1.5766153949381856	0.9160455792886897
-2.0758279138828417	0.9580043442881501
3.43789604131047	0.916045450385375
-7.874814641320578	0.999999744629558
-3.0456068366411104	0.9876723682177754
2.6540180940661706	0.9160455511095458
-3.2880921678523567	0.9920318955516897
-9.014120255706164	0.9999999814703114
-4.389540541922532	0.9992347444803393
4.569730379177987	0.9160454348103896
4.767305117040239	0.9160454346441531
-7.62118043061045	0.9999995420660612
5.051310579373439	0.9160454342583046
9.143685772547862	0.9160454337185224
-5.1933461640929135	0.9998777453291848
-2.2809082320682483	0.9651800708914058
-8.978120765208924	0.9999999798688977
1.5155285425208085	0.9160455796528774
7.5893089769176605	0.9160454337196096
-0.7862427650323056	0.9231561130244869
5.512069450538917	0.9160454338544226
-5.109762981171739	0.9998518992572355
0.17191796247029245	0.9162062400168731
-7.358370064958781	0.9999991612956527
8.07467188006543	0.916045433718993
4.670924739873513	0.9160454347915189
1.6067736548797829	0.9160455793636648
-0.6638421923675164	0.9213586660945517
-5.35164513207973	0.9999150064016187
2.2204042618340836	0.9160454867387657
3.5878031055754036	0.9160454434529792
-7.677989840850743	0.9999995982146894
9.621409788677902	0.9160454337184956
-4.553823271420971	0.9994725099745035
3.8013676058487356	0.9160454420742571
-0.8304173980767935	0.9238836301560138
9.51670972361951	0.9160454337185052
-3.8165954529232327	0.9972807879662832
-9.43335488205275	0.9999999929427786
5.117275531846692	0.9160454339643012
2.0383259308606725	0.916045528940226
-9.766614410435906	0.9999999967237723
5.507958503226277	0.9160454338543326
5.102991955187086	0.9160454339887198
-0.49824877199778683	0.9194470646257962
-9.695857935862655	0.9999999961440577
6.997430024017362	0.9160454337228794
7.022978255168603	0.9160454337228724
-7.8241099325224095	0.9999997130044508
-4.69523517348553	0.9996176661909395
-0.14321838039625945	0.9169766538635835
4.897788601952712	0.9160454342554376
-8.471526826913482	0.9999999353660596
-1.143469010578233	0.9300808511809663
5.714866856686225	0.916045433781535
-7.257294331451933	0.9999989415217906
5.821723016067718	0.9160454337870259
0.8822302252800984	0.9160456054645522
-9.383472548808992	0.9999999920838161
7.27142890667162	0.9160454337207481
-7.310805337907795	0.9999990642225705
-0.18494387454996186	0.9171651924475072
9.32329099853709	0.9160454337185038
-2.8525902191845454	0.9831404079526831
-8.139482045405906	0.999999861163126
-1.7698670334055677	0.9476351508100491
7.962030537660535	0.9160454337190465
2.3764952186230293	0.9160455360922485
7.057379129814862	0.9160454337228853
1.5958513314994462	0.9160455793969547
5.257078224108312	0.916045433989832
8.991441010665952	0.9160454337185404
5.324547170502072	0.9160454339898566
-7.474140132240836	0.9999993575475945
9.409488151198204	0.9160454337185052
2.1340102048886322	0.9160454861908416
5.981053925559632	0.916045433770161
7.466734614618819	0.9160454337206031
4.9951188656332945	0.9160454342575463
-0.3139968844643626	0.9179127121292497
-7.719217182379614	0.9999996346011941
3.943681855560012	0.9160454379411884
0.9728775837307246	0.9160454946251555
9.1252425584196	0.9160454337185222
-1.8144357181134332	0.949089312339026
7.772577813602865	0.9160454337195048
9.853668042175872	0.916045433718496
1.4238760016451835	0.9160455543108857
-7.461511311178786	0.999999338591725
3.3247265710614293	0.9160454491861311
-1.65927935741494	0.9440877148209097
-9.113274869521355	0.9999999852526593
-8.676135721765386	0.9999999596491898
-4.07503065556059	0.9984531968784597
-9.374239317204562	0.9999999919137152
0.34578381952240633	0.9160871880788408
9.850789698858886	0.9160454337184959
-5.3906999895134255	0.9999223013378298
-0.35867277441253975	0.9182119960725088
-9.940356574487922	0.9999999978039957
1.8947698561729442	0.916045527905373
-2.5606486279922924	0.9746241975796485
-4.255986929606097	0.9989664828355045
-5.357324452060279	0.99991610824692
-1.09554860100069	0.9289953183843733
-2.9985462933836615	0.9866560462410526
-2.356492035646527	0.9678142225298746
5.33357057720794	0.9160454339936213
4.6494900954617435	0.9160454347906976
0.37349521239779193	0.9160777980007578
-3.8001895851750422	0.9971833808338981
4.887076988443489	0.916045434258643
-9.495074577297435	0.9999999938777078
-9.451810376385911	0.9999999932363948
2.739285241231247	0.9160454986576658
5.980187174598655	0.91604543377087
-4.558124780943147	0.9994776390229362
4.6311692779880165	0.9160454347912116
2.1757938805690813	0.9160454868322261
8.197385322184303	0.916045433718769
-4.782264187297649	0.9996865334951996
9.799476403649145	0.9160454337184959
7.183569827122707	0.91604543372188
-7.473310758713216	0.999999356319549
1.0982315844561654	0.9160454833588324
-9.90978912472225	0.9999999976438667
2.8865412366259733	0.9160454988301486
8.780733308413232	0.9160454337185597
-8.060459602607374	0.9999998334567887
3.197984471289539	0.9160454666156765
-9.430303057008427	0.9999999928930118
-6.080741303233674	0.999984112038784
6.380869898833048	0.9160454337361056
7.5104288207917556	0.9160454337196061
-7.773213021973913	0.9999996773202778
-3.128044305785078	0.9893179832964302
-8.087978607096886	0.9999998436823486
-8.075604843515332	0.999999839164586
7.44279558017687	0.9160454337207357
1.1212580980258977	0.9160454807164772
9.565013309381602	0.9160454337185057
2.3515479543114424	0.916045495783453
-2.0227855609528156	0.9561514617450941
-6.358198711741601	0.999991611293845
9.242268518820712	0.9160454337185229
9.360642987031138	0.9160454337185047
4.0918204511817216	0.9160454379474051
-3.739577009699522	0.9967947611148573
1.8141219634967456	0.9160455252740246
-7.216062202647375	0.9999988361071628
-3.2264033599734	0.9910592418275155
5.672616039642598	0.916045433833012
5.212180836014163	0.9160454339887665
-9.392946147309793	0.999999992254625
1.7534437673464343	0.9160455698291621
-8.220285522602651	0.9999998847338927
-9.412169813475382	0.9999999925899885
1.1728008370045586	0.9160455205588245
-1.8465548488013894	0.9501279872455349
7.319250544009776	0.9160454337206901
-1.5466343141885694	0.9406629151775263
0.2649951499082306	0.91612656198496
0.2806148130003283	0.9161178351102831
8.598512283663368	0.9160454337186286
-7.1063588266015065	0.9999985016519765
-5.708133142456155	0.9999625515742692
9.408013477176542	0.9160454337185052
-3.9119869723363276	0.9977875671187679
-1.3756922572173558	0.9358410372532766
9.987658804636425	0.9160454337184916
6.850698261238783	0.9160454337273963
-7.057373943508289	0.9999983227585995
6.917066897780018	0.9160454337225651
1.8611398385106916	0.9160455288027188
1.5901339555029015	0.916045579393041
4.206761724752344	0.9160454357076259
-4.280088564616582	0.9990208847828966
-9.827162962019248	0.9999999971501261
2.4405007996768404	0.9160455600697417
6.559881421235751	0.9160454337355682
-5.499749891250105	0.9999395275324932
-7.840592257026837	0.9999997236922538
-1.978734767145344	0.954618200090509
1.0322502599704642	0.9160454847600382
-1.5661971191045367	0.9412275271798406
-3.429131986075733	0.9939337948111312
-1.1342607872781851	0.9298693523372812
-5.831102322113204	0.9999717792625686
4.062548285138853	0.9160454379507673
2.2589279822784434	0.9160454865807148
-6.650766524367064	0.9999957226620981
1.2758257161844089	0.9160455545482866
-9.314871381447954	0.9999999907292006
-6.408964600908726	0.9999925365467538
1.811833548460143	0.916045525234239
-6.285296642972091	0.9999900784376264
-3.519851664534537	0.9949413758614026
5.249025760955863	0.916045433989939
-3.244201082545599	0.99134910721507
0.6170941155126854	0.9160477087239238
-8.409510519098058	0.9999999254449512
7.716188736206423	0.9160454337195938
3.7988222356429944	0.9160454420825876
5.785509809402516	0.9160454337875896
0.32942902888479253	0.9160937827505852
-1.70870667557244	0.9456568214246364
0.009568095571328428	0.9164880101879984
-8.782865637800796	0.9999999684410652
3.554949100410454	0.9160454494390324
3.9107418565952123	0.9160454375755209
-4.165318475701967	0.9987342519576231
-7.412109781739331	0.999999258911132
-8.733691567946442	0.9999999646575605
-2.034573533985875	0.9565631732746845
-4.93867720464809	0.999780799479478
-8.197917778651131	0.9999998786417449
3.2925844096434673	0.9160454513203053
-0.7745747206936393	0.9229711951252457
5.448902551994465	0.9160454338547607
-6.113399729394113	0.9999852625348902
9.693366006515504	0.9160454337184959
-5.740496782385218	0.9999652383623423
1.6939367268392616	0.9160455788505896
5.8686501940939095	0.9160454337871798
-1.1088512342304213	0.9292925120266939
-7.169757356014506	0.9999987051591454
7.782630723063786	0.9160454337193846
-1.3740290264315078	0.9357958648461877
6.340171288192515	0.9160454337349777
-6.432675033083499	0.9999929330211483
8.167703252634201	0.9160454337187738
-4.195339246534826	0.9988162530492142
-7.5645196492043665	0.9999994782498383
-0.8374181485736045	0.9240023812816165
3.2101381724759914	0.9160454665806121
-9.29187098327719	0.9999999902249811
7.91886830306197	0.916045433719044
6.558553152826818	0.9160454337357017
7.833382182474384	0.9160454337189947
3.188671569834405	0.9160454667466332
-2.441042734211565	0.9706875176739584
-7.081654240485187	0.9999984139520243
-9.17617167863266	0.9999999872409926
-8.657554543120689	0.9999999578853195
5.801434491991056	0.9160454337868437
3.4434727848542845	0.9160454503798792
-7.88764660256728	0.9999997520643626
2.9122754535367434	0.9160454985892614
-7.454519304107863	0.9999993278572039
-1.8880566390467877	0.9515050780035788
-7.596912503650284	0.9999995157490283
-1.5420315616725766	0.9405321016463173
5.5951663244032765	0.9160454338550152
-7.007741975743218	0.9999981197080007
2.217603799298594	0.9160454867091232
8.196395407684953	0.9160454337187693
0.49559514696035833	0.9160545023049295
-7.006325330797858	0.9999981135648637
-3.8271012475485477	0.9973415070283466
1.7118426623713923	0.9160455792877145
-0.9852384540068861	0.9266701544833769
-4.596703042821382	0.999521492827925
-6.530320234091613	0.9999943557715536
3.1827580399641686	0.9160454667993814
-4.129981317705438	0.9986306767862627
6.597920585364822	0.916045433728651
0.9962898950564192	0.9160454883770721
4.090492899479372	0.9160454379493934
-6.093612935671762	0.9999845758270511
9.588045001017974	0.916045433718502
-7.427811041700765	0.9999992852251163
-3.0034805716830526	0.9867653172588668
-6.518345698305943	0.999994198004497
-5.785713862260891	0.9999686727782389
-8.404916995379669	0.9999999246521943
-4.39635239734903	0.999246424228607
8.789058152182378	0.9160454337185591
-2.303488333116417	0.965971160961505
3.303465276225168	0.9160454493230336
6.032442165045744	0.9160454337503364
-4.221721595045405	0.9988840443859881
6.718921429892397	0.9160454337271978
-0.07665741973070794	0.9167238806831702
7.267661019994481	0.9160454337207461
6.537644137279525	0.9160454337361063
-2.159123546388626	0.9608937992817307
2.949398428907033	0.9160454969460048
-8.277032891462195	0.9999998988526722
-8.23436239847046	0.9999998884101355
-3.1039003833939116	0.9888536804168592
-0.1958719293926734	0.9172188192985268
-1.0371446215894764	0.9277348767704073
-2.5376159211024163	0.9738801690611258
1.3998964563502057	0.9160455553393576
1.5787034466569025	0.9160455793154463
9.194702894834133	0.916045433718523
2.9607045816057553	0.9160454903585873
-3.9354181633571317	0.9978976725687025
-2.196842397306975	0.9622187331011866
-5.311154381414216	0.9999067210491415
8.488097173475708	0.9160454337186302
1.1813541885141454	0.9160455313127657
-9.05817262716441	0.999999983257677
-0.7747368793023224	0.9229737444033735
