0.2
0.6
1.0
1.4
1.7999999999999998
2.1999999999999997
2.6
2.9999999999999996
3.4
3.8
4.199999999999999
4.6
5.0
5.4
5.799999999999999
6.2
6.6
6.999999999999999
7.4
7.799999999999999
8.2
8.6
8.999999999999998
9.399999999999999
9.8
10.2
10.600000000000001
10.999999999999998
11.399999999999999
11.799999999999999
12.2
12.6
13.0
13.399999999999999
13.799999999999999
14.2
14.6
15.0
15.399999999999997
15.799999999999999
16.2
16.6
16.999999999999996
17.4
17.799999999999997
18.2
18.599999999999998
19.0
19.4
19.799999999999997
20.2
20.599999999999998
21.000000000000004
21.4
21.799999999999997
22.2
22.599999999999998
23.0
23.4
23.799999999999994
24.2
24.599999999999998
25.0
25.4
25.799999999999997
26.2
26.599999999999998
27.0
27.4
27.8
28.199999999999996
28.599999999999994
29.0
29.4
29.8
30.199999999999996
30.599999999999994
30.999999999999996
31.4
31.8
32.199999999999996
32.6
33.0
33.39999999999999
33.8
34.199999999999996
34.6
35.0
35.4
35.8
36.199999999999996
36.6
36.99999999999999
37.400000000000006
37.8
38.199999999999996
38.6
38.99999999999999
39.4
39.8
