0.010582379548754406
0.010823189249064336
0.01132432554460927
0.012127956079541535
0.013306003168790048
0.01497322964260639
0.017310371686457438
0.020605411399899687
0.025329601167812688
0.03228412155599292
0.042900102255382766
0.05989860556855253
0.08887942556523831
0.14260550068587086
0.25434961640301157
0.5275259990632114
1.347090227299916
3.565511808196035
3.2304884006777934
1.5674230857237155
0.9108856159207332
0.6429723213962893
0.5218307515396782
0.4699933200483575
0.46011432844756794
0.4835545517945562
0.5411130707785419
0.6402430134196339
0.7931853915448874
1.0097761184215108
1.2735932389255948
1.5032150759618979
1.5748219100388923
1.4598740128826768
1.2576786223953131
1.0650530666955427
0.918843968318546
0.8210461837331533
0.7641774380456107
0.7411286190499474
0.7473423212569666
0.7804924056164588
0.8392511832454492
0.9211878500838419
1.0195359998463933
1.1196472968792992
1.1987686779291291
1.2341160614858597
1.2167476752846162
1.1576219807752661
1.0788020039039297
1.0005327912020707
0.9353149886215967
0.8887162640252412
0.8622293320342531
0.8554989460583399
0.8674033101875176
0.896217599447598
0.9391353137296785
0.9914226453640363
1.0457059253873795
1.0922818760718214
1.1213124546285422
1.1265147372138908
1.108040257429142
1.0721815062615898
1.0282154588681236
0.9849252882789367
0.9487148970588685
0.923378221770831
0.9106653872383629
0.9109120057782452
0.9234021606489928
0.9464159790761886
0.9770630828289766
1.0111196890120706
1.0431951410855271
1.0675416642567574
1.0795079513224706
1.077064635875653
1.0615017005765879
1.0368289941347861
1.0082997710817427
0.9809359133000848
0.9586429727605208
0.9439550217728082
0.9381423304684121
0.9414061657605979
0.9530059730783657
0.9712896768996337
0.993695380980528
1.0168617464919152
1.0370000546742957
1.0505897827601547
1.0552474770394362
1.0504065373754696
1.0374483845919575
1.0192125124830826
0.9991594446987293
0.9805772489964617
