0.01069466882897474
0.010938197360557012
0.011445006627053056
0.012257775303536778
0.013449304754433955
0.015135777096394243
0.017500197674176432
0.020834231602895215
0.02561529241897198
0.032655310441413676
0.04340520653110591
0.06062500812541527
0.0899979221988012
0.1444851669986712
0.25789526004457486
0.5352874494678684
1.36585368150443
3.5722489481887827
3.1960401723746
1.5595925241248074
0.9102853135310168
0.6440942146628041
0.5234781310632792
0.4718850158757548
0.4622059947546816
0.4858748681660736
0.5437051045212049
0.6431049957499194
0.7961428881668833
1.0122227997400108
1.274258813882517
1.5008764961082417
1.5702935625570278
1.455679850906697
1.2552136232469782
1.0641903572333984
0.9190351346079194
0.8218563189946431
0.76534202505899
0.7424933518498928
0.7488040496594734
0.7819546625511014
0.8405882379829802
0.9222177837562476
1.0200226894859972
1.1193728688578637
1.1976919782278888
1.2325041648260289
1.2150865654929426
1.1563410276190813
1.0780928441552775
1.0003772317410267
0.9355971084047751
0.8893039600270816
0.8630059688282272
0.8563652878633877
0.8682681892096566
0.8969874582784874
0.939709146909136
0.9916992645814289
1.0456097849832497
1.0918040510806846
1.120542723300268
1.1256295044222762
1.1072392225454941
1.0716146633688537
1.0279485710199094
0.9849505126667573
0.9489808842892867
0.923816154541375
0.9112031338472826
0.9114786995318472
0.9239282446112487
0.946833391714872
0.9773094091038413
1.0111486741128286
1.0429924748408033
1.0671390354258514
1.0789840681404512
1.0765264029170911
1.0610523864789425
1.0365404575789297
1.0082013780802321
0.9810196108328816
0.9588757339329859
0.9442906363788995
0.938529197643373
0.9417914823498379
0.9533383384626221
0.9715223445453691
0.993791750840058
1.0168031844685832
1.0367937318010279
1.0502720008248805
1.0548782143352866
1.0500551376180334
1.0371759750238088
1.019058815578221
0.999138243601801
0.9806794228024761
